Name		O 1s	O 1s				Name		C 1s	C 1s	C 1s	C 1s	C 1s				Name		Al 2p				
Position		532.04	530.92				Position		286.32	284.80	289.01	287.48	290.27				Position		74.58				
FWHM		1.94	1.94				FWHM		1.44	1.44	1.44	1.44	1.44				FWHM		1.52				
Area		30763.31	8774.41				Area		2053.01	8585.36	554.18	718.24	216.87				Area		3384.84				
Lineshape		GL(30)	GL(30)				Lineshape		GL(30)	GL(30)	GL(30)	GL(30)	GL(30)				Lineshape		GL(30)				

B.E.	Cycle 16:O 1s/53:CPS	O 1s/53:O 1s	O 1s/53:O 1s	Background	Envelope		B.E.	Cycle 16:C 1s/54:CPS	C 1s/54:C 1s	C 1s/54:C 1s	C 1s/54:C 1s	C 1s/54:C 1s	C 1s/54:C 1s	Background	Envelope		B.E.	Cycle 16:Al 2p/55:CPS	Al 2p/55:Al 2p	Background	Envelope		
5.455400e+002	2.061840e+003	2.061840e+003	2.061840e+003	2.061840e+003	2.061840e+003		3.025400e+002	1.209729e+003	1.209729e+003	1.209729e+003	1.209729e+003	1.209729e+003	1.209729e+003	1.209729e+003	1.209729e+003		8.854000e+001	2.470687e+002	2.470687e+002	2.470687e+002	2.470687e+002		
5.454400e+002	2.046003e+003	2.046003e+003	2.046003e+003	2.046003e+003	2.046003e+003		3.024400e+002	1.187909e+003	1.187909e+003	1.187909e+003	1.187909e+003	1.187909e+003	1.187909e+003	1.187909e+003	1.187909e+003		8.844000e+001	2.370184e+002	2.370184e+002	2.370184e+002	2.370184e+002		
5.453400e+002	2.149321e+003	2.149321e+003	2.149321e+003	2.149321e+003	2.149321e+003		3.023400e+002	1.223206e+003	1.223206e+003	1.223206e+003	1.223206e+003	1.223206e+003	1.223206e+003	1.223206e+003	1.223206e+003		8.834000e+001	2.399497e+002	2.399497e+002	2.399497e+002	2.399497e+002		
5.452400e+002	1.989442e+003	1.989442e+003	1.989442e+003	1.989442e+003	1.989442e+003		3.022400e+002	1.234116e+003	1.234116e+003	1.234116e+003	1.234116e+003	1.234116e+003	1.234116e+003	1.234116e+003	1.234116e+003		8.824000e+001	2.399497e+002	2.399497e+002	2.399497e+002	2.399497e+002		
5.451400e+002	2.044495e+003	2.044495e+003	2.044495e+003	2.044495e+003	2.044495e+003		3.021400e+002	1.191760e+003	1.191760e+003	1.191760e+003	1.191760e+003	1.191760e+003	1.191760e+003	1.191760e+003	1.191760e+003		8.814000e+001	2.361809e+002	2.361809e+002	2.361809e+002	2.361809e+002		
5.450400e+002	2.047511e+003	2.047511e+003	2.047511e+003	2.047511e+003	2.047511e+003		3.020400e+002	1.223848e+003	1.223848e+003	1.223848e+003	1.223848e+003	1.223848e+003	1.223848e+003	1.223848e+003	1.223848e+003		8.804000e+001	2.525126e+002	2.525126e+002	2.525126e+002	2.525126e+002		
5.449400e+002	1.972851e+003	1.972851e+003	1.972851e+003	1.972851e+003	1.972851e+003		3.019400e+002	1.238609e+003	1.238609e+003	1.238609e+003	1.238609e+003	1.238609e+003	1.238609e+003	1.238609e+003	1.238609e+003		8.794000e+001	2.479062e+002	2.479062e+002	2.479062e+002	2.479062e+002		
5.448400e+002	1.953997e+003	1.953997e+003	1.953997e+003	1.953997e+003	1.953997e+003		3.018400e+002	1.193043e+003	1.193043e+003	1.193043e+003	1.193043e+003	1.193043e+003	1.193043e+003	1.193043e+003	1.193043e+003		8.784000e+001	2.278057e+002	2.278057e+002	2.278057e+002	2.278057e+002		
5.447400e+002	1.969834e+003	1.969834e+003	1.969834e+003	1.969834e+003	1.969834e+003		3.017400e+002	1.228340e+003	1.228340e+003	1.228340e+003	1.228340e+003	1.228340e+003	1.228340e+003	1.228340e+003	1.228340e+003		8.774000e+001	2.336683e+002	2.336683e+002	2.336683e+002	2.336683e+002		
5.446400e+002	1.966817e+003	1.966817e+003	1.966817e+003	1.966817e+003	1.966817e+003		3.016400e+002	1.230907e+003	1.230907e+003	1.230907e+003	1.230907e+003	1.230907e+003	1.230907e+003	1.230907e+003	1.230907e+003		8.764000e+001	2.416248e+002	2.416248e+002	2.416248e+002	2.416248e+002		
5.445400e+002	1.983409e+003	1.983409e+003	1.983409e+003	1.983409e+003	1.983409e+003		3.015400e+002	1.217430e+003	1.217430e+003	1.217430e+003	1.217430e+003	1.217430e+003	1.217430e+003	1.217430e+003	1.217430e+003		8.754000e+001	2.294807e+002	2.294807e+002	2.294807e+002	2.294807e+002		
5.444400e+002	1.941176e+003	1.941176e+003	1.941176e+003	1.941176e+003	1.941176e+003		3.014400e+002	1.211013e+003	1.211013e+003	1.211013e+003	1.211013e+003	1.211013e+003	1.211013e+003	1.211013e+003	1.211013e+003		8.744000e+001	2.240369e+002	2.240369e+002	2.240369e+002	2.240369e+002		
5.443400e+002	1.957768e+003	1.957768e+003	1.957768e+003	1.957768e+003	1.957768e+003		3.013400e+002	1.227057e+003	1.227057e+003	1.227057e+003	1.227057e+003	1.227057e+003	1.227057e+003	1.227057e+003	1.227057e+003		8.734000e+001	2.194305e+002	2.194305e+002	2.194305e+002	2.194305e+002		
5.442400e+002	1.927602e+003	1.927602e+003	1.927602e+003	1.927602e+003	1.927602e+003		3.012400e+002	1.237325e+003	1.237325e+003	1.237325e+003	1.237325e+003	1.237325e+003	1.237325e+003	1.237325e+003	1.237325e+003		8.724000e+001	2.185930e+002	2.185930e+002	2.185930e+002	2.185930e+002		
5.441400e+002	1.917798e+003	1.917798e+003	1.917798e+003	1.917798e+003	1.917798e+003		3.011400e+002	1.187267e+003	1.187267e+003	1.187267e+003	1.187267e+003	1.187267e+003	1.187267e+003	1.187267e+003	1.187267e+003		8.714000e+001	2.278057e+002	2.278057e+002	2.278057e+002	2.278057e+002		
5.440400e+002	1.899698e+003	1.899698e+003	1.899698e+003	1.899698e+003	1.899698e+003		3.010400e+002	1.168014e+003	1.168014e+003	1.168014e+003	1.168014e+003	1.168014e+003	1.168014e+003	1.168014e+003	1.168014e+003		8.704000e+001	2.144054e+002	2.144054e+002	2.144054e+002	2.144054e+002		
5.439400e+002	1.858220e+003	1.858220e+003	1.858220e+003	1.858220e+003	1.858220e+003		3.009400e+002	1.144911e+003	1.144911e+003	1.144911e+003	1.144911e+003	1.144911e+003	1.144911e+003	1.144911e+003	1.144911e+003		8.694000e+001	2.261307e+002	2.261307e+002	2.261307e+002	2.261307e+002		
5.438400e+002	1.855204e+003	1.855204e+003	1.855204e+003	1.855204e+003	1.855204e+003		3.008400e+002	1.183417e+003	1.183417e+003	1.183417e+003	1.183417e+003	1.183417e+003	1.183417e+003	1.183417e+003	1.183417e+003		8.684000e+001	2.190117e+002	2.190117e+002	2.190117e+002	2.190117e+002		
5.437400e+002	1.813725e+003	1.813725e+003	1.813725e+003	1.813725e+003	1.813725e+003		3.007400e+002	1.199461e+003	1.199461e+003	1.199461e+003	1.199461e+003	1.199461e+003	1.199461e+003	1.199461e+003	1.199461e+003		8.674000e+001	2.257119e+002	2.257119e+002	2.257119e+002	2.257119e+002		
5.436400e+002	1.848416e+003	1.848416e+003	1.848416e+003	1.848416e+003	1.848416e+003		3.006400e+002	1.151970e+003	1.151970e+003	1.151970e+003	1.151970e+003	1.151970e+003	1.151970e+003	1.151970e+003	1.151970e+003		8.664000e+001	2.156616e+002	2.156616e+002	2.156616e+002	2.156616e+002		
5.435400e+002	1.815234e+003	1.815234e+003	1.815234e+003	1.815234e+003	1.815234e+003		3.005400e+002	1.156463e+003	1.156463e+003	1.156463e+003	1.156463e+003	1.156463e+003	1.156463e+003	1.156463e+003	1.156463e+003		8.654000e+001	2.294807e+002	2.294807e+002	2.294807e+002	2.294807e+002		
5.434400e+002	1.830317e+003	1.830317e+003	1.830317e+003	1.830317e+003	1.830317e+003		3.004400e+002	1.144911e+003	1.144911e+003	1.144911e+003	1.144911e+003	1.144911e+003	1.144911e+003	1.144911e+003	1.144911e+003		8.644000e+001	2.370184e+002	2.370184e+002	2.370184e+002	2.370184e+002		
5.433400e+002	1.791855e+003	1.791855e+003	1.791855e+003	1.791855e+003	1.791855e+003		3.003400e+002	1.164806e+003	1.164806e+003	1.164806e+003	1.164806e+003	1.164806e+003	1.164806e+003	1.164806e+003	1.164806e+003		8.634000e+001	2.081240e+002	2.081240e+002	2.081240e+002	2.081240e+002		
5.432400e+002	1.827300e+003	1.827300e+003	1.827300e+003	1.827300e+003	1.827300e+003		3.002400e+002	1.139135e+003	1.139135e+003	1.139135e+003	1.139135e+003	1.139135e+003	1.139135e+003	1.139135e+003	1.139135e+003		8.624000e+001	2.102178e+002	2.102178e+002	2.102178e+002	2.102178e+002		
5.431400e+002	1.764706e+003	1.764706e+003	1.764706e+003	1.764706e+003	1.764706e+003		3.001400e+002	1.170581e+003	1.170581e+003	1.170581e+003	1.170581e+003	1.170581e+003	1.170581e+003	1.170581e+003	1.170581e+003		8.614000e+001	1.984925e+002	1.984925e+002	1.984925e+002	1.984925e+002		
5.430400e+002	1.776772e+003	1.776772e+003	1.776772e+003	1.776772e+003	1.776772e+003		3.000400e+002	1.126941e+003	1.126941e+003	1.126941e+003	1.126941e+003	1.126941e+003	1.126941e+003	1.126941e+003	1.126941e+003		8.604000e+001	2.181742e+002	2.181742e+002	2.181742e+002	2.181742e+002		
5.429400e+002	1.785068e+003	1.785068e+003	1.785068e+003	1.785068e+003	1.785068e+003		2.999400e+002	1.142344e+003	1.142344e+003	1.142344e+003	1.142344e+003	1.142344e+003	1.142344e+003	1.142344e+003	1.142344e+003		8.594000e+001	2.206868e+002	2.206868e+002	2.206868e+002	2.206868e+002		
5.428400e+002	1.693816e+003	1.693816e+003	1.693816e+003	1.693816e+003	1.693816e+003		2.998400e+002	1.148120e+003	1.148120e+003	1.148120e+003	1.148120e+003	1.148120e+003	1.148120e+003	1.148120e+003	1.148120e+003		8.584000e+001	2.014238e+002	2.014238e+002	2.014238e+002	2.014238e+002		
5.427400e+002	1.699095e+003	1.699095e+003	1.699095e+003	1.699095e+003	1.699095e+003		2.997400e+002	1.149403e+003	1.149403e+003	1.149403e+003	1.149403e+003	1.149403e+003	1.149403e+003	1.149403e+003	1.149403e+003		8.574000e+001	2.039363e+002	2.039363e+002	2.039363e+002	2.039363e+002		
5.426400e+002	1.717195e+003	1.717195e+003	1.717195e+003	1.717195e+003	1.717195e+003		2.996400e+002	1.124374e+003	1.124374e+003	1.124374e+003	1.124374e+003	1.124374e+003	1.124374e+003	1.124374e+003	1.124374e+003		8.564000e+001	2.135678e+002	2.135678e+002	2.135678e+002	2.135678e+002		
5.425400e+002	1.653092e+003	1.653092e+003	1.653092e+003	1.653092e+003	1.653092e+003		2.995400e+002	1.135926e+003	1.135926e+003	1.135926e+003	1.135926e+003	1.135926e+003	1.135926e+003	1.135926e+003	1.135926e+003		8.554000e+001	2.014238e+002	2.014238e+002	2.014238e+002	2.014238e+002		
5.424400e+002	1.641780e+003	1.641780e+003	1.641780e+003	1.641780e+003	1.641780e+003		2.994400e+002	1.162238e+003	1.162238e+003	1.162238e+003	1.162238e+003	1.162238e+003	1.162238e+003	1.162238e+003	1.162238e+003		8.544000e+001	2.014238e+002	2.014238e+002	2.014238e+002	2.014238e+002		
5.423400e+002	1.620664e+003	1.620664e+003	1.620664e+003	1.620664e+003	1.620664e+003		2.993400e+002	1.137210e+003	1.137210e+003	1.137210e+003	1.137210e+003	1.137210e+003	1.137210e+003	1.137210e+003	1.137210e+003		8.534000e+001	1.959799e+002	1.959799e+002	1.959799e+002	1.959799e+002		
5.422400e+002	1.639517e+003	1.639517e+003	1.639517e+003	1.639517e+003	1.639517e+003		2.992400e+002	1.117957e+003	1.117957e+003	1.117957e+003	1.117957e+003	1.117957e+003	1.117957e+003	1.117957e+003	1.117957e+003		8.524000e+001	1.968174e+002	1.968174e+002	1.968174e+002	1.968174e+002		
5.421400e+002	1.606335e+003	1.606335e+003	1.606335e+003	1.606335e+003	1.606335e+003		2.991400e+002	1.151970e+003	1.151970e+003	1.151970e+003	1.151970e+003	1.151970e+003	1.151970e+003	1.151970e+003	1.151970e+003		8.514000e+001	1.972362e+002	1.972362e+002	1.972362e+002	1.972362e+002		
5.420400e+002	1.653092e+003	1.653092e+003	1.653092e+003	1.653092e+003	1.653092e+003		2.990400e+002	1.119882e+003	1.119882e+003	1.119882e+003	1.119882e+003	1.119882e+003	1.119882e+003	1.119882e+003	1.119882e+003		8.504000e+001	2.039363e+002	2.039363e+002	2.039363e+002	2.039363e+002		
5.419400e+002	1.631222e+003	1.631222e+003	1.631222e+003	1.631222e+003	1.631222e+003		2.989400e+002	1.097420e+003	1.097420e+003	1.097420e+003	1.097420e+003	1.097420e+003	1.097420e+003	1.097420e+003	1.097420e+003		8.494000e+001	2.005863e+002	2.005863e+002	2.005863e+002	2.005863e+002		
5.418400e+002	1.619155e+003	1.619155e+003	1.619155e+003	1.619155e+003	1.619155e+003		2.988400e+002	1.148120e+003	1.148120e+003	1.148120e+003	1.148120e+003	1.148120e+003	1.148120e+003	1.148120e+003	1.148120e+003		8.484000e+001	2.010050e+002	2.010050e+002	2.010050e+002	2.010050e+002		
5.417400e+002	1.641780e+003	1.641780e+003	1.641780e+003	1.641780e+003	1.641780e+003		2.987400e+002	1.117957e+003	1.117957e+003	1.117957e+003	1.117957e+003	1.117957e+003	1.117957e+003	1.117957e+003	1.117957e+003		8.474000e+001	1.817420e+002	1.817420e+002	1.817420e+002	1.817420e+002		
5.416400e+002	1.657617e+003	1.657617e+003	1.657617e+003	1.657617e+003	1.657617e+003		2.986400e+002	1.107688e+003	1.107688e+003	1.107688e+003	1.107688e+003	1.107688e+003	1.107688e+003	1.107688e+003	1.107688e+003		8.464000e+001	1.846734e+002	1.846734e+002	1.846734e+002	1.846734e+002		
5.415400e+002	1.584465e+003	1.584465e+003	1.584465e+003	1.584465e+003	1.584465e+003		2.985400e+002	1.123733e+003	1.123733e+003	1.123733e+003	1.123733e+003	1.123733e+003	1.123733e+003	1.123733e+003	1.123733e+003		8.454000e+001	1.855109e+002	1.855109e+002	1.855109e+002	1.855109e+002		
5.414400e+002	1.582202e+003	1.582202e+003	1.582202e+003	1.582202e+003	1.582202e+003		2.984400e+002	1.129508e+003	1.129508e+003	1.129508e+003	1.129508e+003	1.129508e+003	1.129508e+003	1.129508e+003	1.129508e+003		8.444000e+001	1.968174e+002	1.968174e+002	1.968174e+002	1.968174e+002		
5.413400e+002	1.555807e+003	1.555807e+003	1.555807e+003	1.555807e+003	1.555807e+003		2.983400e+002	1.150045e+003	1.150045e+003	1.150045e+003	1.150045e+003	1.150045e+003	1.150045e+003	1.150045e+003	1.150045e+003		8.434000e+001	1.989112e+002	1.989112e+002	1.989112e+002	1.989112e+002		
5.412400e+002	1.550528e+003	1.550528e+003	1.550528e+003	1.550528e+003	1.550528e+003		2.982400e+002	1.087794e+003	1.087794e+003	1.087794e+003	1.087794e+003	1.087794e+003	1.087794e+003	1.087794e+003	1.087794e+003		8.424000e+001	1.850921e+002	1.850921e+002	1.850921e+002	1.850921e+002		
5.411400e+002	1.523379e+003	1.523379e+003	1.523379e+003	1.523379e+003	1.523379e+003		2.981400e+002	1.091644e+003	1.091644e+003	1.091644e+003	1.091644e+003	1.091644e+003	1.091644e+003	1.091644e+003	1.091644e+003		8.414000e+001	1.901173e+002	1.901173e+002	1.901173e+002	1.901173e+002		
5.410400e+002	1.503771e+003	1.503771e+003	1.503771e+003	1.503771e+003	1.503771e+003		2.980400e+002	1.089719e+003	1.089719e+003	1.089719e+003	1.089719e+003	1.089719e+003	1.089719e+003	1.089719e+003	1.089719e+003		8.404000e+001	1.842546e+002	1.842546e+002	1.842546e+002	1.842546e+002		
5.409400e+002	1.460030e+003	1.460030e+003	1.460030e+003	1.460030e+003	1.460030e+003		2.979400e+002	1.127583e+003	1.127583e+003	1.127583e+003	1.127583e+003	1.127583e+003	1.127583e+003	1.127583e+003	1.127583e+003		8.394000e+001	2.060302e+002	2.060302e+002	2.060302e+002	2.060302e+002		
5.408400e+002	1.465309e+003	1.465309e+003	1.465309e+003	1.465309e+003	1.465309e+003		2.978400e+002	1.062765e+003	1.062765e+003	1.062765e+003	1.062765e+003	1.062765e+003	1.062765e+003	1.062765e+003	1.062765e+003		8.384000e+001	1.746231e+002	1.746231e+002	1.746231e+002	1.746231e+002		
5.407400e+002	1.438914e+003	1.438914e+003	1.438914e+003	1.438914e+003	1.438914e+003		2.977400e+002	1.049929e+003	1.049929e+003	1.049929e+003	1.049929e+003	1.049929e+003	1.049929e+003	1.049929e+003	1.049929e+003		8.374000e+001	1.687605e+002	1.687605e+002	1.687605e+002	1.687605e+002		
5.406400e+002	1.458522e+003	1.458522e+003	1.458522e+003	1.458522e+003	1.458522e+003		2.976400e+002	1.074958e+003	1.074958e+003	1.074958e+003	1.074958e+003	1.074958e+003	1.074958e+003	1.074958e+003	1.074958e+003		8.364000e+001	1.838358e+002	1.838358e+002	1.838358e+002	1.838358e+002		
5.405400e+002	1.481146e+003	1.481146e+003	1.481146e+003	1.481146e+003	1.481146e+003		2.975400e+002	1.115390e+003	1.115390e+003	1.115390e+003	1.115390e+003	1.115390e+003	1.115390e+003	1.115390e+003	1.115390e+003		8.354000e+001	1.800670e+002	1.800670e+002	1.800670e+002	1.800670e+002		
5.404400e+002	1.434389e+003	1.434389e+003	1.434389e+003	1.434389e+003	1.434389e+003		2.974400e+002	1.065974e+003	1.065974e+003	1.065974e+003	1.065974e+003	1.065974e+003	1.065974e+003	1.065974e+003	1.065974e+003		8.344000e+001	1.876047e+002	1.876047e+002	1.876047e+002	1.876047e+002		
5.403400e+002	1.399698e+003	1.399698e+003	1.399698e+003	1.399698e+003	1.399698e+003		2.973400e+002	1.064048e+003	1.064048e+003	1.064048e+003	1.064048e+003	1.064048e+003	1.064048e+003	1.064048e+003	1.064048e+003		8.334000e+001	1.767169e+002	1.767169e+002	1.767169e+002	1.767169e+002		
5.402400e+002	1.469834e+003	1.469834e+003	1.469834e+003	1.469834e+003	1.469834e+003		2.972400e+002	1.054422e+003	1.054422e+003	1.054422e+003	1.054422e+003	1.054422e+003	1.054422e+003	1.054422e+003	1.054422e+003		8.324000e+001	1.863484e+002	1.863484e+002	1.863484e+002	1.863484e+002		
5.401400e+002	1.432881e+003	1.432881e+003	1.432881e+003	1.432881e+003	1.432881e+003		2.971400e+002	1.063406e+003	1.063406e+003	1.063406e+003	1.063406e+003	1.063406e+003	1.063406e+003	1.063406e+003	1.063406e+003		8.314000e+001	1.733668e+002	1.733668e+002	1.733668e+002	1.733668e+002		
5.400400e+002	1.388386e+003	1.388386e+003	1.388386e+003	1.388386e+003	1.388386e+003		2.970400e+002	1.052496e+003	1.052496e+003	1.052496e+003	1.052496e+003	1.052496e+003	1.052496e+003	1.052496e+003	1.052496e+003		8.304000e+001	1.628978e+002	1.628978e+002	1.628978e+002	1.628978e+002		
5.399400e+002	1.386878e+003	1.386878e+003	1.386878e+003	1.386878e+003	1.386878e+003		2.969400e+002	9.870363e+002	9.870363e+002	9.870363e+002	9.870363e+002	9.870363e+002	9.870363e+002	9.870363e+002	9.870363e+002		8.294000e+001	1.867672e+002	1.867672e+002	1.867672e+002	1.867672e+002		
5.398400e+002	1.410256e+003	1.410256e+003	1.410256e+003	1.410256e+003	1.410256e+003		2.968400e+002	1.022975e+003	1.022975e+003	1.022975e+003	1.022975e+003	1.022975e+003	1.022975e+003	1.022975e+003	1.022975e+003		8.284000e+001	1.855109e+002	1.855109e+002	1.855109e+002	1.855109e+002		
5.397400e+002	1.373303e+003	1.373303e+003	1.373303e+003	1.373303e+003	1.373303e+003		2.967400e+002	1.046079e+003	1.046079e+003	1.046079e+003	1.046079e+003	1.046079e+003	1.046079e+003	1.046079e+003	1.046079e+003		8.274000e+001	1.796482e+002	1.796482e+002	1.796482e+002	1.796482e+002		
5.396400e+002	1.365762e+003	1.365762e+003	1.365762e+003	1.365762e+003	1.365762e+003		2.966400e+002	1.011423e+003	1.011423e+003	1.011423e+003	1.011423e+003	1.011423e+003	1.011423e+003	1.011423e+003	1.011423e+003		8.264000e+001	2.005863e+002	2.005863e+002	2.005863e+002	2.005863e+002		
5.395400e+002	1.373303e+003	1.373303e+003	1.373303e+003	1.373303e+003	1.373303e+003		2.965400e+002	1.064690e+003	1.064690e+003	1.064690e+003	1.064690e+003	1.064690e+003	1.064690e+003	1.064690e+003	1.064690e+003		8.254000e+001	1.809045e+002	1.809045e+002	1.809045e+002	1.809045e+002		
5.394400e+002	1.272247e+003	1.272247e+003	1.272247e+003	1.272247e+003	1.272247e+003		2.964400e+002	1.044795e+003	1.044795e+003	1.044795e+003	1.044795e+003	1.044795e+003	1.044795e+003	1.044795e+003	1.044795e+003		8.244000e+001	1.850921e+002	1.850921e+002	1.850921e+002	1.850921e+002		
5.393400e+002	1.305430e+003	1.305430e+003	1.305430e+003	1.305430e+003	1.305430e+003		2.963400e+002	1.001797e+003	1.001797e+003	1.001797e+003	1.001797e+003	1.001797e+003	1.001797e+003	1.001797e+003	1.001797e+003		8.234000e+001	1.825796e+002	1.825796e+002	1.825796e+002	1.825796e+002		
5.392400e+002	1.388386e+003	1.388386e+003	1.388386e+003	1.388386e+003	1.388386e+003		2.962400e+002	1.052496e+003	1.052496e+003	1.052496e+003	1.052496e+003	1.052496e+003	1.052496e+003	1.052496e+003	1.052496e+003		8.224000e+001	1.666667e+002	1.666667e+002	1.666667e+002	1.666667e+002		
5.391400e+002	1.303167e+003	1.303167e+003	1.303167e+003	1.303167e+003	1.303167e+003		2.961400e+002	1.026184e+003	1.026184e+003	1.026184e+003	1.026184e+003	1.026184e+003	1.026184e+003	1.026184e+003	1.026184e+003		8.214000e+001	1.746231e+002	1.746231e+002	1.746231e+002	1.746231e+002		
5.390400e+002	1.254902e+003	1.254902e+003	1.254902e+003	1.254902e+003	1.254902e+003		2.960400e+002	1.013349e+003	1.013349e+003	1.013349e+003	1.013349e+003	1.013349e+003	1.013349e+003	1.013349e+003	1.013349e+003		8.204000e+001	1.779732e+002	1.779732e+002	1.779732e+002	1.779732e+002		
5.389400e+002	1.307692e+003	1.307692e+003	1.307692e+003	1.307692e+003	1.307692e+003		2.959400e+002	1.037094e+003	1.037094e+003	1.037094e+003	1.037094e+003	1.037094e+003	1.037094e+003	1.037094e+003	1.037094e+003		8.194000e+001	1.754606e+002	1.754606e+002	1.754606e+002	1.754606e+002		
5.388400e+002	1.246606e+003	1.246606e+003	1.246606e+003	1.246606e+003	1.246606e+003		2.958400e+002	1.044795e+003	1.044795e+003	1.044795e+003	1.044795e+003	1.044795e+003	1.044795e+003	1.044795e+003	1.044795e+003		8.184000e+001	1.641541e+002	1.641541e+002	1.641541e+002	1.641541e+002		
5.387400e+002	1.231523e+003	1.231523e+003	1.231523e+003	1.231523e+003	1.231523e+003		2.957400e+002	1.001797e+003	1.001797e+003	1.001797e+003	1.001797e+003	1.001797e+003	1.001797e+003	1.001797e+003	1.001797e+003		8.174000e+001	1.758794e+002	1.758794e+002	1.758794e+002	1.758794e+002		
5.386400e+002	1.226244e+003	1.226244e+003	1.226244e+003	1.226244e+003	1.226244e+003		2.956400e+002	1.008856e+003	1.008856e+003	1.008856e+003	1.008856e+003	1.008856e+003	1.008856e+003	1.008856e+003	1.008856e+003		8.164000e+001	1.637353e+002	1.637353e+002	1.637353e+002	1.637353e+002		
5.385400e+002	1.226998e+003	1.226998e+003	1.226998e+003	1.226998e+003	1.226998e+003		2.955400e+002	1.033885e+003	1.033885e+003	1.033885e+003	1.033885e+003	1.033885e+003	1.033885e+003	1.033885e+003	1.033885e+003		8.154000e+001	1.603853e+002	1.603853e+002	1.603853e+002	1.603853e+002		
5.384400e+002	1.215686e+003	1.215686e+003	1.215686e+003	1.215686e+003	1.215686e+003		2.954400e+002	9.947375e+002	9.947375e+002	9.947375e+002	9.947375e+002	9.947375e+002	9.947375e+002	9.947375e+002	9.947375e+002		8.144000e+001	1.624791e+002	1.624791e+002	1.624791e+002	1.624791e+002		
5.383400e+002	1.188537e+003	1.188537e+003	1.188537e+003	1.188537e+003	1.188537e+003		2.953400e+002	9.754845e+002	9.754845e+002	9.754845e+002	9.754845e+002	9.754845e+002	9.754845e+002	9.754845e+002	9.754845e+002		8.134000e+001	1.762982e+002	1.762982e+002	1.762982e+002	1.762982e+002		
5.382400e+002	1.232278e+003	1.232278e+003	1.232278e+003	1.232278e+003	1.232278e+003		2.952400e+002	1.005648e+003	1.005648e+003	1.005648e+003	1.005648e+003	1.005648e+003	1.005648e+003	1.005648e+003	1.005648e+003		8.124000e+001	1.658291e+002	1.658291e+002	1.658291e+002	1.658291e+002		
5.381400e+002	1.179487e+003	1.179487e+003	1.179487e+003	1.179487e+003	1.179487e+003		2.951400e+002	1.007573e+003	1.007573e+003	1.007573e+003	1.007573e+003	1.007573e+003	1.007573e+003	1.007573e+003	1.007573e+003		8.114000e+001	1.574539e+002	1.574539e+002	1.574539e+002	1.574539e+002		
5.380400e+002	1.228507e+003	1.228507e+003	1.228507e+003	1.228507e+003	1.228507e+003		2.950400e+002	1.008856e+003	1.008856e+003	1.008856e+003	1.008856e+003	1.008856e+003	1.008856e+003	1.008856e+003	1.008856e+003		8.104000e+001	1.683417e+002	1.683417e+002	1.683417e+002	1.683417e+002		
5.379400e+002	1.208899e+003	1.208899e+003	1.208899e+003	1.208899e+003	1.208899e+003		2.949400e+002	9.742010e+002	9.742010e+002	9.742010e+002	9.742010e+002	9.742010e+002	9.742010e+002	9.742010e+002	9.742010e+002		8.094000e+001	1.574539e+002	1.574539e+002	1.574539e+002	1.574539e+002		
5.378400e+002	1.169683e+003	1.169683e+003	1.169683e+003	1.169683e+003	1.169683e+003		2.948400e+002	9.908869e+002	9.908869e+002	9.908869e+002	9.908869e+002	9.908869e+002	9.908869e+002	9.908869e+002	9.908869e+002		8.084000e+001	1.566164e+002	1.566164e+002	1.566164e+002	1.566164e+002		
5.377400e+002	1.248869e+003	1.248869e+003	1.248869e+003	1.248869e+003	1.248869e+003		2.947400e+002	1.021692e+003	1.021692e+003	1.021692e+003	1.021692e+003	1.021692e+003	1.021692e+003	1.021692e+003	1.021692e+003		8.074000e+001	1.599665e+002	1.599665e+002	1.599665e+002	1.599665e+002		
5.376400e+002	1.186275e+003	1.186275e+003	1.186275e+003	1.186275e+003	1.186275e+003		2.946400e+002	9.908869e+002	9.908869e+002	9.908869e+002	9.908869e+002	9.908869e+002	9.908869e+002	9.908869e+002	9.908869e+002		8.064000e+001	1.566164e+002	1.566164e+002	1.566164e+002	1.566164e+002		
5.375400e+002	1.218703e+003	1.218704e+003	1.218703e+003	1.218703e+003	1.218704e+003		2.945400e+002	9.902452e+002	9.902452e+002	9.902452e+002	9.902452e+002	9.902452e+002	9.902452e+002	9.902452e+002	9.902452e+002		8.054000e+001	1.553601e+002	1.553601e+002	1.553601e+002	1.553601e+002		
5.374400e+002	1.205128e+003	1.205130e+003	1.205128e+003	1.205128e+003	1.205130e+003		2.944400e+002	9.889616e+002	9.889616e+002	9.889616e+002	9.889616e+002	9.889616e+002	9.889616e+002	9.889616e+002	9.889616e+002		8.044000e+001	1.683417e+002	1.683417e+002	1.683417e+002	1.683417e+002		
5.373400e+002	1.226244e+003	1.226247e+003	1.226244e+003	1.226244e+003	1.226247e+003		2.943400e+002	9.639327e+002	9.639327e+002	9.639327e+002	9.639327e+002	9.639327e+002	9.639328e+002	9.639327e+002	9.639328e+002		8.034000e+001	1.628978e+002	1.628978e+002	1.628978e+002	1.628978e+002		
5.372400e+002	1.196833e+003	1.196837e+003	1.196833e+003	1.196833e+003	1.196837e+003		2.942400e+002	9.376203e+002	9.376203e+002	9.376203e+002	9.376203e+002	9.376203e+002	9.376203e+002	9.376203e+002	9.376203e+002		8.024000e+001	1.641541e+002	1.641541e+002	1.641541e+002	1.641541e+002		
5.371400e+002	1.163650e+003	1.163657e+003	1.163650e+003	1.163650e+003	1.163657e+003		2.941400e+002	1.005648e+003	1.005648e+003	1.005648e+003	1.005648e+003	1.005648e+003	1.005648e+003	1.005648e+003	1.005648e+003		8.014000e+001	1.465662e+002	1.465662e+002	1.465662e+002	1.465662e+002		
5.370400e+002	1.150830e+003	1.150841e+003	1.150830e+003	1.150830e+003	1.150841e+003		2.940400e+002	9.761263e+002	9.761263e+002	9.761263e+002	9.761263e+002	9.761263e+002	9.761264e+002	9.761263e+002	9.761264e+002		8.004000e+001	1.616415e+002	1.616415e+002	1.616415e+002	1.616415e+002		
5.369400e+002	1.177979e+003	1.177998e+003	1.177979e+003	1.177979e+003	1.177998e+003		2.939400e+002	1.015274e+003	1.015274e+003	1.015274e+003	1.015274e+003	1.015274e+003	1.015274e+003	1.015274e+003	1.015274e+003		7.994000e+001	1.624791e+002	1.624791e+002	1.624791e+002	1.624791e+002		
5.368400e+002	1.156863e+003	1.156895e+003	1.156863e+003	1.156863e+003	1.156895e+003		2.938400e+002	1.002439e+003	1.002439e+003	1.002439e+003	1.002439e+003	1.002439e+003	1.002439e+003	1.002439e+003	1.002439e+003		7.984000e+001	1.624791e+002	1.624791e+002	1.624791e+002	1.624791e+002		
5.367400e+002	1.214932e+003	1.214984e+003	1.214932e+003	1.214932e+003	1.214984e+003		2.937400e+002	9.562315e+002	9.562315e+002	9.562315e+002	9.562315e+002	9.562315e+002	9.562321e+002	9.562315e+002	9.562321e+002		7.974000e+001	1.737856e+002	1.737856e+002	1.737856e+002	1.737856e+002		
5.366400e+002	1.173454e+003	1.173538e+003	1.173454e+003	1.173454e+003	1.173538e+003		2.936400e+002	9.742010e+002	9.742010e+002	9.742010e+002	9.742010e+002	9.742010e+002	9.742020e+002	9.742010e+002	9.742020e+002		7.964000e+001	1.528476e+002	1.528476e+002	1.528476e+002	1.528476e+002		
5.365400e+002	1.200603e+003	1.200739e+003	1.200603e+003	1.200603e+003	1.200739e+003		2.935400e+002	9.703504e+002	9.703504e+002	9.703504e+002	9.703504e+002	9.703504e+002	9.703524e+002	9.703504e+002	9.703524e+002		7.954000e+001	1.587102e+002	1.587102e+002	1.587102e+002	1.587102e+002		
5.364400e+002	1.147059e+003	1.147274e+003	1.147059e+003	1.147059e+003	1.147274e+003		2.934400e+002	9.517392e+002	9.517392e+002	9.517392e+002	9.517392e+002	9.517392e+002	9.517428e+002	9.517392e+002	9.517428e+002		7.944000e+001	1.637353e+002	1.637353e+002	1.637353e+002	1.637353e+002		
5.363400e+002	1.211916e+003	1.212254e+003	1.211916e+003	1.211916e+003	1.212254e+003		2.933400e+002	1.011423e+003	1.011423e+003	1.011423e+003	1.011423e+003	1.011423e+003	1.011430e+003	1.011423e+003	1.011430e+003		7.934000e+001	1.666667e+002	1.666667e+002	1.666667e+002	1.666667e+002		
5.362400e+002	1.217949e+003	1.218476e+003	1.217949e+003	1.217949e+003	1.218477e+003		2.932400e+002	9.491721e+002	9.491721e+002	9.491721e+002	9.491721e+002	9.491721e+002	9.491838e+002	9.491721e+002	9.491838e+002		7.924000e+001	1.658291e+002	1.658292e+002	1.658291e+002	1.658292e+002		
5.361400e+002	1.229261e+003	1.230077e+003	1.229262e+003	1.229261e+003	1.230078e+003		2.931400e+002	9.754845e+002	9.754845e+002	9.754845e+002	9.754845e+002	9.754845e+002	9.755050e+002	9.754845e+002	9.755050e+002		7.914000e+001	1.675042e+002	1.675042e+002	1.675042e+002	1.675042e+002		
5.360400e+002	1.220965e+003	1.222216e+003	1.220967e+003	1.220965e+003	1.222218e+003		2.930400e+002	9.735592e+002	9.735592e+002	9.735592e+002	9.735593e+002	9.735592e+002	9.735945e+002	9.735592e+002	9.735945e+002		7.904000e+001	1.649916e+002	1.649917e+002	1.649916e+002	1.649917e+002		
5.359400e+002	1.214932e+003	1.216833e+003	1.214935e+003	1.214932e+003	1.216836e+003		2.929400e+002	9.607239e+002	9.607239e+002	9.607239e+002	9.607240e+002	9.607239e+002	9.607840e+002	9.607239e+002	9.607841e+002		7.894000e+001	1.654104e+002	1.654105e+002	1.654104e+002	1.654105e+002		
5.358400e+002	1.217195e+003	1.220057e+003	1.217200e+003	1.217195e+003	1.220062e+003		2.928400e+002	9.690669e+002	9.690669e+002	9.690669e+002	9.690670e+002	9.690669e+002	9.691674e+002	9.690669e+002	9.691675e+002		7.884000e+001	1.490787e+002	1.490789e+002	1.490787e+002	1.490789e+002		
5.357400e+002	1.209653e+003	1.213925e+003	1.209662e+003	1.209653e+003	1.213934e+003		2.927400e+002	9.600821e+002	9.600821e+002	9.600821e+002	9.600824e+002	9.600821e+002	9.602470e+002	9.600821e+002	9.602472e+002		7.874000e+001	1.603853e+002	1.603856e+002	1.603853e+002	1.603856e+002		
5.356400e+002	1.246606e+003	1.252927e+003	1.246620e+003	1.246606e+003	1.252941e+003		2.926400e+002	9.305609e+002	9.305609e+002	9.305609e+002	9.305614e+002	9.305609e+002	9.308287e+002	9.305609e+002	9.308292e+002		7.864000e+001	1.737856e+002	1.737862e+002	1.737856e+002	1.737862e+002		
5.355400e+002	1.245852e+003	1.255122e+003	1.245875e+003	1.245852e+003	1.255144e+003		2.925400e+002	9.389039e+002	9.389039e+002	9.389039e+002	9.389048e+002	9.389039e+002	9.393307e+002	9.389039e+002	9.393316e+002		7.854000e+001	1.591290e+002	1.591302e+002	1.591290e+002	1.591302e+002		
5.354400e+002	1.218703e+003	1.259065e+003	1.245627e+003	1.245591e+003	1.259101e+003		2.924400e+002	9.652163e+002	9.652163e+002	9.652163e+002	9.652181e+002	9.652163e+002	9.658838e+002	9.652163e+002	9.658856e+002		7.844000e+001	1.511725e+002	1.511750e+002	1.511725e+002	1.511750e+002		
5.353400e+002	1.272247e+003	1.264995e+003	1.245639e+003	1.245582e+003	1.265052e+003		2.923400e+002	9.363368e+002	9.363368e+002	9.363368e+002	9.363402e+002	9.363368e+002	9.373698e+002	9.363368e+002	9.373732e+002		7.834000e+001	1.704355e+002	1.704401e+002	1.704355e+002	1.704401e+002		
5.352400e+002	1.299397e+003	1.273289e+003	1.245653e+003	1.245563e+003	1.273379e+003		2.922400e+002	9.600821e+002	9.600821e+002	9.600821e+002	9.600885e+002	9.600821e+002	9.616514e+002	9.600821e+002	9.616577e+002		7.824000e+001	1.762982e+002	1.763067e+002	1.762982e+002	1.763067e+002		
5.351400e+002	1.306184e+003	1.284792e+003	1.245682e+003	1.245541e+003	1.284932e+003		2.921400e+002	9.780516e+002	9.780516e+002	9.780516e+002	9.780632e+002	9.780516e+002	9.803922e+002	9.780516e+002	9.804038e+002		7.814000e+001	1.553601e+002	1.553758e+002	1.553601e+002	1.553758e+002		
5.350400e+002	1.368778e+003	1.300575e+003	1.245715e+003	1.245498e+003	1.300792e+003		2.920400e+002	9.581568e+002	9.581568e+002	9.581568e+002	9.581776e+002	9.581568e+002	9.616050e+002	9.581568e+002	9.616257e+002		7.804000e+001	1.591290e+002	1.591575e+002	1.591290e+002	1.591575e+002		
5.349400e+002	1.434389e+003	1.322038e+003	1.245765e+003	1.245431e+003	1.322372e+003		2.919400e+002	9.158003e+002	9.437957e+002	9.437957e+002	9.438326e+002	9.437957e+002	9.487853e+002	9.437957e+002	9.488222e+002		7.794000e+001	1.628978e+002	1.629484e+002	1.628978e+002	1.629484e+002		
5.348400e+002	1.452489e+003	1.350976e+003	1.245865e+003	1.245358e+003	1.351483e+003		2.918400e+002	9.575151e+002	9.437818e+002	9.437818e+002	9.438462e+002	9.437818e+002	9.508723e+002	9.437818e+002	9.509367e+002		7.784000e+001	1.641541e+002	1.642435e+002	1.641541e+002	1.642435e+002		
5.347400e+002	1.469834e+003	1.389612e+003	1.246043e+003	1.245279e+003	1.390377e+003		2.917400e+002	9.356950e+002	9.437736e+002	9.437736e+002	9.438837e+002	9.437736e+002	9.537079e+002	9.437736e+002	9.538180e+002		7.774000e+001	1.503350e+002	1.639711e+002	1.638167e+002	1.639711e+002		
5.346400e+002	1.596531e+003	1.440656e+003	1.246297e+003	1.245155e+003	1.441798e+003		2.916400e+002	9.908869e+002	9.437258e+002	9.437258e+002	9.439125e+002	9.437258e+002	9.573976e+002	9.437258e+002	9.575843e+002		7.764000e+001	1.754606e+002	1.637429e+002	1.634786e+002	1.637429e+002		
5.345400e+002	1.682504e+003	1.507465e+003	1.246693e+003	1.245000e+003	1.509158e+003		2.915400e+002	9.581568e+002	9.437112e+002	9.437112e+002	9.440214e+002	9.437112e+002	9.621831e+002	9.437112e+002	9.624933e+002		7.754000e+001	1.679229e+002	1.635841e+002	1.631399e+002	1.635841e+002		
5.344400e+002	1.749623e+003	1.594057e+003	1.247307e+003	1.244822e+003	1.596542e+003		2.914400e+002	9.703504e+002	9.436841e+002	9.436841e+002	9.441900e+002	9.436842e+002	9.682387e+002	9.436841e+002	9.687447e+002		7.744000e+001	1.603853e+002	1.611232e+002	1.603853e+002	1.611232e+002		
5.343400e+002	1.876320e+003	1.705137e+003	1.248216e+003	1.244599e+003	1.708754e+003		2.913400e+002	9.645745e+002	9.436630e+002	9.436630e+002	9.444798e+002	9.436631e+002	9.756968e+002	9.436630e+002	9.765138e+002		7.734000e+001	1.821608e+002	1.613354e+002	1.601290e+002	1.613354e+002		
5.342400e+002	2.049020e+003	1.846167e+003	1.249533e+003	1.244315e+003	1.851386e+003		2.912400e+002	9.915287e+002	9.436144e+002	9.436144e+002	9.449084e+002	9.436147e+002	9.845959e+002	9.436144e+002	9.858902e+002		7.724000e+001	1.813233e+002	1.618176e+002	1.598725e+002	1.618176e+002		
5.341400e+002	2.251885e+003	2.023354e+003	1.251421e+003	1.243959e+003	2.030816e+003		2.911400e+002	1.001155e+003	9.435560e+002	9.435560e+002	9.455679e+002	9.435566e+002	9.949991e+002	9.435560e+002	9.970115e+002		7.714000e+001	1.679229e+002	1.627084e+002	1.596158e+002	1.627084e+002		
5.340400e+002	2.472097e+003	2.243590e+003	1.254103e+003	1.243526e+003	2.254167e+003		2.910400e+002	9.928122e+002	9.435061e+002	9.435061e+002	9.466004e+002	9.435071e+002	1.006753e+003	9.435061e+002	1.009849e+003		7.704000e+001	1.809045e+002	1.641999e+002	1.593586e+002	1.641999e+002		
5.339400e+002	2.668929e+003	2.514335e+003	1.257885e+003	1.243022e+003	2.529198e+003		2.909400e+002	1.021050e+003	9.434274e+002	9.434274e+002	9.480996e+002	9.434294e+002	1.019514e+003	9.434274e+002	1.024188e+003		7.694000e+001	1.863484e+002	1.665867e+002	1.591012e+002	1.665867e+002		
5.338400e+002	2.972097e+003	2.843347e+003	1.263112e+003	1.242412e+003	2.864048e+003		2.908400e+002	1.067899e+003	9.433012e+002	9.433012e+002	9.502284e+002	9.433049e+002	1.032801e+003	9.433012e+002	1.039732e+003		7.684000e+001	1.930486e+002	1.702238e+002	1.588437e+002	1.702238e+002		
5.337400e+002	3.453997e+003	3.238379e+003	1.270209e+003	1.241631e+003	3.266957e+003		2.907400e+002	1.067899e+003	9.431748e+002	9.431748e+002	9.533164e+002	9.431818e+002	1.045968e+003	9.431748e+002	1.056117e+003		7.674000e+001	1.943049e+002	1.756925e+002	1.585860e+002	1.756925e+002		
5.336400e+002	3.827300e+003	3.706872e+003	1.279826e+003	1.240717e+003	3.745980e+003		2.906400e+002	1.055064e+003	9.430613e+002	9.430613e+002	9.576464e+002	9.430742e+002	1.058240e+003	9.430613e+002	1.072838e+003		7.664000e+001	2.081240e+002	1.835883e+002	1.583282e+002	1.835883e+002		
5.335400e+002	4.279789e+003	4.255229e+003	1.292691e+003	1.239644e+003	4.308276e+003		2.905400e+002	1.087794e+003	9.429145e+002	9.429145e+002	9.635136e+002	9.429378e+002	1.068646e+003	9.429145e+002	1.089269e+003		7.654000e+001	2.307370e+002	1.949738e+002	1.580705e+002	1.949738e+002		
5.334400e+002	4.893665e+003	4.888159e+003	1.309671e+003	1.238354e+003	4.959476e+003		2.904400e+002	1.103838e+003	9.427513e+002	9.427512e+002	9.714269e+002	9.427926e+002	1.076350e+003	9.427512e+002	1.105067e+003		7.644000e+001	2.340871e+002	2.107392e+002	1.578130e+002	2.107392e+002		
5.333400e+002	5.704374e+003	5.607891e+003	1.331807e+003	1.236777e+003	5.702921e+003		2.903400e+002	1.150045e+003	9.425411e+002	9.425410e+002	9.817509e+002	9.426137e+002	1.080695e+003	9.425410e+002	1.119978e+003		7.634000e+001	2.349246e+002	2.326681e+002	1.575558e+002	2.326681e+002		
5.332400e+002	6.422323e+003	6.413409e+003	1.360446e+003	1.234945e+003	6.538910e+003		2.902400e+002	1.087152e+003	9.423945e+002	9.423943e+002	9.950247e+002	9.425195e+002	1.081289e+003	9.423943e+002	1.134045e+003		7.624000e+001	2.822446e+002	2.619649e+002	1.572989e+002	2.619649e+002		
5.331400e+002	7.414781e+003	7.299325e+003	1.397016e+003	1.232763e+003	7.463578e+003		2.901400e+002	1.156463e+003	9.421776e+002	9.421771e+002	1.011660e+003	9.423888e+002	1.077939e+003	9.421771e+002	1.147633e+003		7.614000e+001	3.241206e+002	3.011467e+002	1.570427e+002	3.011467e+002		
5.330400e+002	8.421569e+003	8.255265e+003	1.443252e+003	1.230224e+003	8.468293e+003		2.900400e+002	1.180208e+003	9.419366e+002	9.419357e+002	1.031947e+003	9.422902e+002	1.071056e+003	9.419357e+002	1.161423e+003		7.604000e+001	3.664154e+002	3.517553e+002	1.567875e+002	3.517553e+002		
5.329400e+002	9.490196e+003	9.265120e+003	1.501069e+003	1.227307e+003	9.538882e+003		2.899400e+002	1.144269e+003	9.417323e+002	9.417304e+002	1.056051e+003	9.423125e+002	1.061222e+003	9.417304e+002	1.176126e+003		7.594000e+001	4.124791e+002	4.166955e+002	1.565337e+002	4.166955e+002		
5.328400e+002	1.052564e+004	1.030677e+004	1.572584e+003	1.224023e+003	1.065533e+004		2.898400e+002	1.185342e+003	9.414870e+002	9.414833e+002	1.083892e+003	9.424212e+002	1.049180e+003	9.414833e+002	1.192531e+003		7.584000e+001	4.949749e+002	4.975813e+002	1.562816e+002	4.975813e+002		
5.327400e+002	1.176998e+004	1.135211e+004	1.659938e+003	1.220299e+003	1.179175e+004		2.897400e+002	1.236042e+003	9.411916e+002	9.411845e+002	1.114877e+003	9.426807e+002	1.035843e+003	9.411845e+002	1.211039e+003		7.574000e+001	5.979899e+002	5.968798e+002	1.560319e+002	5.968798e+002		
5.326400e+002	1.278205e+004	1.236803e+004	1.765528e+003	1.216216e+003	1.291735e+004		2.896400e+002	1.234116e+003	9.409007e+002	9.408874e+002	1.148105e+003	9.432294e+002	1.022087e+003	9.408874e+002	1.231660e+003		7.564000e+001	7.223618e+002	7.154878e+002	1.557855e+002	7.154878e+002		
5.325400e+002	1.395551e+004	1.331758e+004	1.891395e+003	1.211717e+003	1.399726e+004		2.895400e+002	1.253369e+003	9.405952e+002	9.405704e+002	1.182180e+003	9.441689e+002	1.008646e+003	9.405704e+002	1.253878e+003		7.554000e+001	8.220268e+002	8.540249e+002	1.555433e+002	8.540249e+002		
5.324400e+002	1.483635e+004	1.416231e+004	2.039523e+003	1.206906e+003	1.499492e+004		2.894400e+002	1.293159e+003	9.402582e+002	9.402128e+002	1.215159e+003	9.456801e+002	9.960356e+002	9.402128e+002	1.276494e+003		7.544000e+001	1.028476e+003	1.011300e+003	1.553060e+002	1.011300e+003		
5.323400e+002	1.578884e+004	1.486468e+004	2.211339e+003	1.201756e+003	1.587426e+004		2.893400e+002	1.284816e+003	9.399447e+002	9.398632e+002	1.244991e+003	9.480195e+002	9.846858e+002	9.398632e+002	1.298051e+003		7.534000e+001	1.170017e+003	1.184419e+003	1.550754e+002	1.184419e+003		
5.322400e+002	1.673002e+004	1.539121e+004	2.407631e+003	1.196272e+003	1.660257e+004		2.892400e+002	1.332307e+003	9.396092e+002	9.394652e+002	1.269240e+003	9.514136e+002	9.747611e+002	9.394652e+002	1.316629e+003		7.524000e+001	1.369347e+003	1.368480e+003	1.548525e+002	1.368480e+003		
5.321400e+002	1.752112e+004	1.571543e+004	2.628320e+003	1.190507e+003	1.715324e+004		2.891400e+002	1.338082e+003	9.393124e+002	9.390609e+002	1.285882e+003	9.563382e+002	9.663098e+002	9.390608e+002	1.330660e+003		7.514000e+001	1.544807e+003	1.556209e+003	1.546389e+002	1.556209e+003		
5.320400e+002	1.774057e+004	1.582050e+004	2.872303e+003	1.184663e+003	1.750814e+004		2.890400e+002	1.356052e+003	9.390683e+002	9.386379e+002	1.293554e+003	9.631792e+002	9.592835e+002	9.386378e+002	1.339172e+003		7.504000e+001	1.757119e+003	1.738198e+003	1.544359e+002	1.738198e+003		
5.319400e+002	1.769985e+004	1.570066e+004	3.136952e+003	1.178830e+003	1.765878e+004		2.889400e+002	1.307278e+003	9.389887e+002	9.382641e+002	1.291349e+003	9.724964e+002	9.536463e+002	9.382639e+002	1.341689e+003		7.494000e+001	1.927554e+003	1.904328e+003	1.542452e+002	1.904328e+003		
5.318400e+002	1.764781e+004	1.536099e+004	3.417942e+003	1.173014e+003	1.760592e+004		2.888400e+002	1.296368e+003	9.391066e+002	9.379010e+002	1.279429e+003	9.849452e+002	9.491510e+002	9.379007e+002	1.338930e+003		7.484000e+001	2.049414e+003	2.042262e+003	1.540682e+002	2.042262e+003		
5.317400e+002	1.722021e+004	1.481976e+004	3.709356e+003	1.167347e+003	1.736177e+004		2.887400e+002	1.333590e+003	9.394670e+002	9.375001e+002	1.258996e+003	1.000991e+003	9.455837e+002	9.374993e+002	1.332541e+003		7.474000e+001	2.137772e+003	2.143679e+003	1.539058e+002	2.143679e+003		
5.316400e+002	1.695551e+004	1.410364e+004	4.003391e+003	1.161772e+003	1.694526e+004		2.886400e+002	1.341291e+003	9.402472e+002	9.370914e+002	1.231653e+003	1.021187e+003	9.428140e+002	9.370897e+002	1.324634e+003		7.464000e+001	2.174204e+003	2.197678e+003	1.537586e+002	2.197678e+003		
5.315400e+002	1.631297e+004	1.324638e+004	4.290921e+003	1.156421e+003	1.638087e+004		2.885400e+002	1.318188e+003	9.417088e+002	9.367065e+002	1.199652e+003	1.046197e+003	9.406836e+002	9.367031e+002	1.318135e+003		7.454000e+001	2.169598e+003	2.203016e+003	1.536271e+002	2.203016e+003		
5.314400e+002	1.557617e+004	1.228556e+004	4.561580e+003	1.151329e+003	1.569581e+004		2.884400e+002	1.314337e+003	9.441075e+002	9.363269e+002	1.165308e+003	1.076143e+003	9.390400e+002	9.363201e+002	1.315646e+003		7.444000e+001	2.114740e+003	2.155916e+003	1.535111e+002	2.155916e+003		
5.313400e+002	1.485822e+004	1.125972e+004	4.804401e+003	1.146488e+003	1.491764e+004		2.883400e+002	1.323322e+003	9.478380e+002	9.359408e+002	1.130637e+003	1.110900e+003	9.377620e+002	9.359275e+002	1.319368e+003		7.434000e+001	2.082077e+003	2.063287e+003	1.534103e+002	2.063287e+003		
5.312400e+002	1.403922e+004	1.020579e+004	5.008632e+003	1.141935e+003	1.407248e+004		2.882400e+002	1.347067e+003	9.534990e+002	9.355361e+002	1.097392e+003	1.150092e+003	9.367254e+002	9.355105e+002	1.331202e+003		7.424000e+001	1.958124e+003	1.930297e+003	1.533243e+002	1.930297e+003		
5.311400e+002	1.311312e+004	9.156882e+003	5.164541e+003	1.137708e+003	1.318372e+004		2.881400e+002	1.400975e+003	9.617110e+002	9.350871e+002	1.066726e+003	1.192508e+003	9.358286e+002	9.350383e+002	1.351708e+003		7.414000e+001	1.791457e+003	1.768557e+003	1.532523e+002	1.768557e+003		
5.310400e+002	1.218627e+004	8.140943e+003	5.264220e+003	1.133806e+003	1.227136e+004		2.880400e+002	1.376588e+003	9.734596e+002	9.346812e+002	1.039522e+003	1.236549e+003	9.350987e+002	9.345904e+002	1.380949e+003		7.404000e+001	1.631910e+003	1.588193e+003	1.531930e+002	1.588193e+003		
5.309400e+002	1.143213e+004	7.179928e+003	5.302307e+003	1.130169e+003	1.135207e+004		2.879400e+002	1.401617e+003	9.900042e+002	9.342826e+002	1.016148e+003	1.279898e+003	9.344375e+002	9.341167e+002	1.418304e+003		7.394000e+001	1.409966e+003	1.400541e+003	1.531451e+002	1.400541e+003		
5.308400e+002	1.043665e+004	6.289900e+003	5.276716e+003	1.126882e+003	1.043973e+004		2.878400e+002	1.455526e+003	1.012487e+003	9.338885e+002	9.964729e+002	1.319723e+003	9.337865e+002	9.335878e+002	1.462007e+003		7.384000e+001	1.213987e+003	1.214983e+003	1.531069e+002	1.214983e+003		
5.307400e+002	9.496229e+003	5.481106e+003	5.188600e+003	1.123927e+003	9.545779e+003		2.877400e+002	1.515852e+003	1.042414e+003	9.335308e+002	9.803176e+002	1.353214e+003	9.331191e+002	9.329972e+002	1.510606e+003		7.374000e+001	1.036851e+003	1.039200e+003	1.530769e+002	1.039200e+003		
5.306400e+002	8.644042e+003	4.758718e+003	5.042329e+003	1.121271e+003	8.679777e+003		2.876400e+002	1.495315e+003	1.081938e+003	9.333560e+002	9.674530e+002	1.377475e+003	9.325001e+002	9.324268e+002	1.563015e+003		7.364000e+001	8.626466e+002	8.784900e+002	1.530538e+002	8.784900e+002		
5.305400e+002	7.960784e+003	4.123653e+003	4.845034e+003	1.118856e+003	7.849832e+003		2.875400e+002	1.640996e+003	1.132207e+003	9.333121e+002	9.571604e+002	1.390157e+003	9.317513e+002	9.317080e+002	1.617756e+003		7.354000e+001	7.236181e+002	7.363169e+002	1.530362e+002	7.363169e+002		
5.304400e+002	7.171946e+003	3.573593e+003	4.606043e+003	1.116718e+003	7.062919e+003		2.874400e+002	1.709023e+003	1.194792e+003	9.336334e+002	9.490924e+002	1.390343e+003	9.309449e+002	9.309196e+002	1.675128e+003		7.344000e+001	6.277219e+002	6.136555e+002	1.530229e+002	6.136555e+002		
5.303400e+002	6.491704e+003	3.103695e+003	4.335884e+003	1.114820e+003	6.324760e+003		2.873400e+002	1.710307e+003	1.271558e+003	9.346332e+002	9.429174e+002	1.377710e+003	9.301435e+002	9.301290e+002	1.736446e+003		7.334000e+001	4.912060e+002	5.109520e+002	1.530133e+002	5.109520e+002		
5.302400e+002	5.727753e+003	2.707534e+003	4.045571e+003	1.113191e+003	5.639915e+003		2.872400e+002	1.795020e+003	1.362250e+003	9.366583e+002	9.380895e+002	1.353330e+003	9.292598e+002	9.292517e+002	1.802582e+003		7.324000e+001	4.003350e+002	4.263273e+002	1.530064e+002	4.263273e+002		
5.301400e+002	5.043741e+003	2.377664e+003	3.745705e+003	1.111803e+003	5.011567e+003		2.871400e+002	1.907329e+003	1.466280e+003	9.402054e+002	9.342612e+002	1.319476e+003	9.282641e+002	9.282595e+002	1.875448e+003		7.314000e+001	3.345896e+002	3.587350e+002	1.530013e+002	3.587350e+002		
5.300400e+002	4.502262e+003	2.106214e+003	3.445882e+003	1.110605e+003	4.441490e+003		2.870400e+002	1.964446e+003	1.582221e+003	9.461134e+002	9.312323e+002	1.278717e+003	9.272110e+002	9.272085e+002	1.956661e+003		7.304000e+001	2.797320e+002	3.051420e+002	1.529977e+002	3.051420e+002		
5.299400e+002	3.947210e+003	1.885399e+003	3.154331e+003	1.109604e+003	3.930127e+003		2.869400e+002	2.011937e+003	1.705915e+003	9.557209e+002	9.287570e+002	1.234075e+003	9.261095e+002	9.261082e+002	2.046146e+003		7.294000e+001	2.449749e+002	2.641148e+002	1.529950e+002	2.641148e+002		
5.298400e+002	3.527903e+003	1.707726e+003	2.877575e+003	1.108750e+003	3.476551e+003		2.868400e+002	2.117828e+003	1.832074e+003	9.704276e+002	9.266118e+002	1.188322e+003	9.249000e+002	9.248993e+002	2.142738e+003		7.284000e+001	2.198492e+002	2.326952e+002	1.529931e+002	2.326952e+002		
5.297400e+002	3.018100e+003	1.566341e+003	2.620485e+003	1.108075e+003	3.078750e+003		2.867400e+002	2.312925e+003	1.953402e+003	9.922128e+002	9.245862e+002	1.143686e+003	9.234917e+002	9.234914e+002	2.243413e+003		7.274000e+001	2.018425e+002	2.095124e+002	1.529917e+002	2.095124e+002		
5.296400e+002	2.660633e+003	1.454984e+003	2.386199e+003	1.107527e+003	2.733657e+003		2.866400e+002	2.373251e+003	2.061941e+003	1.024504e+003	9.227078e+002	1.102152e+003	9.220210e+002	9.220208e+002	2.345243e+003		7.264000e+001	1.871859e+002	1.923600e+002	1.529906e+002	1.923600e+002		
5.295400e+002	2.334087e+003	1.368183e+003	2.176419e+003	1.107094e+003	2.437509e+003		2.865400e+002	2.405339e+003	2.149745e+003	1.070639e+003	9.209390e+002	1.064790e+003	9.205163e+002	9.205162e+002	2.444565e+003		7.254000e+001	1.687605e+002	1.801004e+002	1.529898e+002	1.801004e+002		
5.294400e+002	2.048265e+003	1.301209e+003	1.991595e+003	1.106761e+003	2.186042e+003		2.864400e+002	2.545886e+003	2.208181e+003	1.134830e+003	9.191254e+002	1.032131e+003	9.188675e+002	9.188675e+002	2.537665e+003		7.244000e+001	1.733668e+002	1.713388e+002	1.529892e+002	1.713388e+002		
5.293400e+002	1.801659e+003	1.250050e+003	1.831183e+003	1.106516e+003	1.974717e+003		2.863400e+002	2.617764e+003	2.232614e+003	1.223551e+003	9.172984e+002	1.004443e+003	9.171442e+002	9.171442e+002	2.626474e+003		7.234000e+001	1.716918e+002	1.652606e+002	1.529887e+002	1.652606e+002		
5.292400e+002	1.631222e+003	1.211348e+003	1.693888e+003	1.106331e+003	1.798906e+003		2.862400e+002	2.644718e+003	2.221030e+003	1.342488e+003	9.154822e+002	9.813978e+002	9.153918e+002	9.153918e+002	2.714223e+003		7.224000e+001	1.520101e+002	1.610629e+002	1.529883e+002	1.610629e+002		
5.291400e+002	1.537707e+003	1.182339e+003	1.577907e+003	1.106178e+003	1.654068e+003		2.861400e+002	2.829547e+003	2.172990e+003	1.497988e+003	9.135027e+002	9.624569e+002	9.134501e+002	9.134501e+002	2.806587e+003		7.214000e+001	1.670854e+002	1.582322e+002	1.529879e+002	1.582322e+002		
5.290400e+002	1.472851e+003	1.160797e+003	1.481149e+003	1.106049e+003	1.535897e+003		2.860400e+002	2.930304e+003	2.093678e+003	1.698896e+003	9.114343e+002	9.472133e+002	9.114043e+002	9.114043e+002	2.917009e+003		7.204000e+001	1.662479e+002	1.563430e+002	1.529877e+002	1.563430e+002		
5.289400e+002	1.303922e+003	1.144990e+003	1.401429e+003	1.105979e+003	1.440440e+003		2.859400e+002	3.070851e+003	1.989929e+003	1.950817e+003	9.092306e+002	9.349048e+002	9.092139e+002	9.092139e+002	3.057240e+003		7.194000e+001	1.536851e+002	1.551035e+002	1.529875e+002	1.551035e+002		
5.288400e+002	1.256410e+003	1.133479e+003	1.336474e+003	1.105926e+003	1.364027e+003		2.858400e+002	3.219099e+003	1.869254e+003	2.258388e+003	9.068801e+002	9.249838e+002	9.068708e+002	9.068708e+002	3.238893e+003		7.184000e+001	1.511725e+002	1.543041e+002	1.529874e+002	1.543041e+002		
5.287400e+002	1.227753e+003	1.125173e+003	1.284134e+003	1.105883e+003	1.303424e+003		2.857400e+002	3.520087e+003	1.740326e+003	2.626120e+003	9.042251e+002	9.168112e+002	9.042201e+002	9.042201e+002	3.474822e+003		7.174000e+001	1.658291e+002	1.537932e+002	1.529872e+002	1.537932e+002		
5.286400e+002	1.168175e+003	1.119247e+003	1.242424e+003	1.105861e+003	1.255811e+003		2.856400e+002	3.801823e+003	1.610663e+003	3.051368e+003	9.012835e+002	9.098764e+002	9.012809e+002	9.012809e+002	3.769348e+003		7.164000e+001	1.570352e+002	1.534751e+002	1.529872e+002	1.534751e+002		
5.285400e+002	1.160633e+003	1.115050e+003	1.209523e+003	1.105842e+003	1.218731e+003		2.855400e+002	4.079066e+003	1.486531e+003	3.526699e+003	8.980589e+002	9.038234e+002	8.980574e+002	8.980574e+002	4.120940e+003		7.154000e+001	1.486600e+002	1.532770e+002	1.529872e+002	1.532770e+002		
5.284400e+002	1.101056e+003	1.112118e+003	1.183852e+003	1.105840e+003	1.190130e+003		2.854400e+002	4.525093e+003	1.372254e+003	4.039602e+003	8.943791e+002	8.981982e+002	8.943783e+002	8.943783e+002	4.521299e+003		7.144000e+001	1.549414e+002	1.531579e+002	1.529872e+002	1.531579e+002		
5.283400e+002	1.125943e+003	1.110076e+003	1.164008e+003	1.105833e+003	1.168251e+003		2.853400e+002	4.949300e+003	1.270289e+003	4.567910e+003	8.902655e+002	8.927496e+002	8.902652e+002	8.902652e+002	4.950419e+003		7.134000e+001	1.553601e+002	1.554585e+002	1.553601e+002	1.554585e+002		
5.282400e+002	1.107843e+003	1.108674e+003	1.148830e+003	1.105832e+003	1.151672e+003		2.852400e+002	5.397253e+003	1.182118e+003	5.084027e+003	8.856936e+002	8.872803e+002	8.856935e+002	8.856935e+002	5.382039e+003		7.124000e+001	1.482412e+002	1.482976e+002	1.482412e+002	1.482976e+002		
5.281400e+002	1.083710e+003	1.085598e+003	1.115210e+003	1.083710e+003	1.117097e+003		2.851400e+002	5.725196e+003	1.107757e+003	5.554085e+003	8.807846e+002	8.817871e+002	8.807845e+002	8.807845e+002	5.782060e+003		7.114000e+001	1.633166e+002	1.633481e+002	1.633166e+002	1.633481e+002		
5.280400e+002	1.079186e+003	1.080427e+003	1.102058e+003	1.079186e+003	1.103300e+003		2.850400e+002	6.135284e+003	1.045953e+003	5.942291e+003	8.754546e+002	8.760761e+002	8.754545e+002	8.754545e+002	6.113412e+003		7.104000e+001	1.578727e+002	1.578903e+002	1.578727e+002	1.578903e+002		
5.279400e+002	1.032428e+003	1.033238e+003	1.048890e+003	1.032428e+003	1.049700e+003		2.849400e+002	6.315621e+003	9.958178e+002	6.218675e+003	8.699362e+002	8.703142e+002	8.699362e+002	8.699362e+002	6.344934e+003		7.094000e+001	1.536851e+002	1.536946e+002	1.536851e+002	1.536946e+002		
5.278400e+002	1.042232e+003	1.042756e+003	1.053976e+003	1.042232e+003	1.054500e+003		2.848400e+002	6.395841e+003	9.557453e+002	6.355373e+003	8.643310e+002	8.645588e+002	8.643310e+002	8.643310e+002	6.447016e+003		7.084000e+001	1.486600e+002	1.486651e+002	1.486600e+002	1.486651e+002		
5.277400e+002	1.022624e+003	1.022960e+003	1.030929e+003	1.022624e+003	1.031265e+003		2.847400e+002	6.456809e+003	9.238380e+002	6.339213e+003	8.586582e+002	8.587928e+002	8.586582e+002	8.586582e+002	6.404528e+003		7.074000e+001	1.566164e+002	1.566191e+002	1.566164e+002	1.566191e+002		
5.276400e+002	1.024133e+003	1.024346e+003	1.029954e+003	1.024133e+003	1.030167e+003		2.846400e+002	6.266846e+003	8.988957e+002	6.174632e+003	8.531723e+002	8.532503e+002	8.531723e+002	8.531723e+002	6.220434e+003		7.064000e+001	1.628978e+002	1.628993e+002	1.628978e+002	1.628993e+002		
5.275400e+002	9.705882e+002	9.707224e+002	9.746323e+002	9.705882e+002	9.747664e+002		2.845400e+002	5.927352e+003	8.796186e+002	5.873293e+003	8.480253e+002	8.480701e+002	8.480253e+002	8.480253e+002	5.904931e+003		7.054000e+001	1.616415e+002	1.616423e+002	1.616415e+002	1.616423e+002		
5.274400e+002	1.015837e+003	1.015921e+003	1.018622e+003	1.015837e+003	1.018706e+003		2.844400e+002	5.540367e+003	8.647019e+002	5.461877e+003	8.432656e+002	8.432908e+002	8.432656e+002	8.432656e+002	5.483339e+003		7.044000e+001	1.474037e+002	1.474041e+002	1.474037e+002	1.474041e+002		
5.273400e+002	9.766214e+002	9.766731e+002	9.785224e+002	9.766214e+002	9.785741e+002		2.843400e+002	4.983314e+003	8.533795e+002	4.975744e+003	8.390661e+002	8.390800e+002	8.390661e+002	8.390661e+002	4.990071e+003		7.034000e+001	1.469849e+002	1.469851e+002	1.469849e+002	1.469851e+002		
5.272400e+002	1.023379e+003	1.023410e+003	1.024665e+003	1.023379e+003	1.024696e+003		2.842400e+002	4.403157e+003	8.448761e+002	4.448431e+003	8.354508e+002	8.354584e+002	8.354508e+002	8.354508e+002	4.457864e+003		7.024000e+001	1.553601e+002	1.553602e+002	1.553601e+002	1.553602e+002		
							2.841400e+002	3.923116e+003	8.384115e+002	3.913473e+003	8.323188e+002	8.323229e+002	8.323188e+002	8.323188e+002	3.919570e+003		7.014000e+001	1.536851e+002	1.536851e+002	1.536851e+002	1.536851e+002		
							2.840400e+002	3.364780e+003	8.336247e+002	3.398012e+003	8.297500e+002	8.297521e+002	8.297500e+002	8.297500e+002	3.401889e+003		7.004000e+001	1.499162e+002	1.499163e+002	1.499162e+002	1.499163e+002		
							2.839400e+002	2.903992e+003	8.300792e+002	2.922217e+003	8.276459e+002	8.276471e+002	8.276459e+002	8.276459e+002	2.924651e+003		6.994000e+001	1.532663e+002	1.532663e+002	1.532663e+002	1.532663e+002		
							2.838400e+002	2.431652e+003	8.275180e+002	2.500017e+003	8.260189e+002	8.260195e+002	8.260189e+002	8.260189e+002	2.501516e+003		6.984000e+001	1.570352e+002	1.570352e+002	1.570352e+002	1.570352e+002		
							2.837400e+002	2.076755e+003	8.256582e+002	2.135761e+003	8.247502e+002	8.247505e+002	8.247502e+002	8.247502e+002	2.136669e+003		6.974000e+001	1.599665e+002	1.599665e+002	1.599665e+002	1.599665e+002		
							2.836400e+002	1.857913e+003	8.242461e+002	1.830850e+003	8.237022e+002	8.237024e+002	8.237022e+002	8.237022e+002	1.831394e+003		6.964000e+001	1.566164e+002	1.566164e+002	1.566164e+002	1.566164e+002		
							2.835400e+002	1.629444e+003	8.232043e+002	1.583314e+003	8.228849e+002	8.228850e+002	8.228849e+002	8.228849e+002	1.583633e+003		6.954000e+001	1.549414e+002	1.549414e+002	1.549414e+002	1.549414e+002		
							2.834400e+002	1.424721e+003	8.224586e+002	1.385754e+003	8.222744e+002	8.222745e+002	8.222744e+002	8.222744e+002	1.385938e+003		6.944000e+001	1.675042e+002	1.675042e+002	1.675042e+002	1.675042e+002		
							2.833400e+002	1.285458e+003	8.219098e+002	1.231934e+003	8.218046e+002	8.218046e+002	8.218046e+002	8.218046e+002	1.232040e+003		6.934000e+001	1.700168e+002	1.700168e+002	1.700168e+002	1.700168e+002		
							2.832400e+002	1.148761e+003	8.215318e+002	1.115507e+003	8.214729e+002	8.214729e+002	8.214729e+002	8.214729e+002	1.115566e+003		6.924000e+001	1.595477e+002	1.595477e+002	1.595477e+002	1.595477e+002		
							2.831400e+002	1.074317e+003	8.212488e+002	1.028225e+003	8.212165e+002	8.212165e+002	8.212165e+002	8.212165e+002	1.028257e+003		6.914000e+001	1.515913e+002	1.515913e+002	1.515913e+002	1.515913e+002		
							2.830400e+002	1.000513e+003	8.210522e+002	9.642404e+002	8.210346e+002	8.210346e+002	8.210346e+002	8.210346e+002	9.642580e+002		6.904000e+001	1.578727e+002	1.578727e+002	1.578727e+002	1.578727e+002		
							2.829400e+002	9.356950e+002	8.209277e+002	9.186735e+002	8.209183e+002	8.209183e+002	8.209183e+002	8.209183e+002	9.186829e+002		6.894000e+001	1.360972e+002	1.360972e+002	1.360972e+002	1.360972e+002		
							2.828400e+002	9.575151e+002	8.207846e+002	8.863072e+002	8.207797e+002	8.207797e+002	8.207797e+002	8.207797e+002	8.863121e+002		6.884000e+001	1.574539e+002	1.574539e+002	1.574539e+002	1.574539e+002		
							2.827400e+002	9.074573e+002	8.206943e+002	8.638368e+002	8.206918e+002	8.206918e+002	8.206918e+002	8.206918e+002	8.638394e+002		6.874000e+001	1.566164e+002	1.566164e+002	1.566164e+002	1.566164e+002		
							2.826400e+002	9.055320e+002	8.206070e+002	8.486848e+002	8.206057e+002	8.206057e+002	8.206057e+002	8.206057e+002	8.486861e+002		6.864000e+001	1.482412e+002	1.482412e+002	1.482412e+002	1.482412e+002		
							2.825400e+002	8.894879e+002	8.205365e+002	8.384733e+002	8.205359e+002	8.205359e+002	8.205359e+002	8.205359e+002	8.384739e+002		6.854000e+001	1.545226e+002	1.545226e+002	1.545226e+002	1.545226e+002		
							2.824400e+002	8.529072e+002	8.205034e+002	8.317482e+002	8.205030e+002	8.205030e+002	8.205030e+002	8.205030e+002	8.317485e+002		6.844000e+001	1.624791e+002	1.624791e+002	1.624791e+002	1.624791e+002		
							2.823400e+002	9.023232e+002	8.204202e+002	8.274011e+002	8.204200e+002	8.204200e+002	8.204200e+002	8.204200e+002	8.274013e+002		6.834000e+001	1.457286e+002	1.457286e+002	1.457286e+002	1.457286e+002		
							2.822400e+002	8.901296e+002	8.203494e+002	8.246006e+002	8.203493e+002	8.203493e+002	8.203493e+002	8.203493e+002	8.246007e+002		6.824000e+001	1.444724e+002	1.444724e+002	1.444724e+002	1.444724e+002		
							2.821400e+002	8.606084e+002	8.203085e+002	8.228471e+002	8.203085e+002	8.203085e+002	8.203085e+002	8.203085e+002	8.228472e+002		6.814000e+001	1.645729e+002	1.645729e+002	1.645729e+002	1.645729e+002		
							2.820400e+002	8.304454e+002	8.202982e+002	8.218009e+002	8.202982e+002	8.202982e+002	8.202982e+002	8.202982e+002	8.218010e+002		6.804000e+001	1.448911e+002	1.448911e+002	1.448911e+002	1.448911e+002		
							2.819400e+002	8.651008e+002	8.202528e+002	8.211251e+002	8.202528e+002	8.202528e+002	8.202528e+002	8.202528e+002	8.211251e+002		6.794000e+001	1.566164e+002	1.566164e+002	1.566164e+002	1.566164e+002		
							2.818400e+002	8.625337e+002	8.202099e+002	8.207061e+002	8.202099e+002	8.202099e+002	8.202099e+002	8.202099e+002	8.207061e+002		6.784000e+001	1.541039e+002	1.541039e+002	1.541039e+002	1.541039e+002		
							2.817400e+002	8.176101e+002	8.202072e+002	8.204872e+002	8.202072e+002	8.202072e+002	8.202072e+002	8.202072e+002	8.204872e+002		6.774000e+001	1.595477e+002	1.595477e+002	1.595477e+002	1.595477e+002		
							2.816400e+002	8.342960e+002	8.201930e+002	8.203478e+002	8.201930e+002	8.201930e+002	8.201930e+002	8.201930e+002	8.203478e+002		6.764000e+001	1.545226e+002	1.545226e+002	1.545226e+002	1.545226e+002		
							2.815400e+002	8.375048e+002	8.201754e+002	8.202593e+002	8.201754e+002	8.201754e+002	8.201754e+002	8.201754e+002	8.202593e+002		6.754000e+001	1.578727e+002	1.578727e+002	1.578727e+002	1.578727e+002		
							2.814400e+002	7.977153e+002	8.201527e+002	8.201977e+002	8.201527e+002	8.201527e+002	8.201527e+002	8.201527e+002	8.201977e+002		6.744000e+001	1.628978e+002	1.628978e+002	1.628978e+002	1.628978e+002		
							2.813400e+002	8.246695e+002	8.201481e+002	8.201718e+002	8.201481e+002	8.201481e+002	8.201481e+002	8.201481e+002	8.201718e+002		6.734000e+001	1.507538e+002	1.507538e+002	1.507538e+002	1.507538e+002		
							2.812400e+002	8.670261e+002	8.201005e+002	8.201128e+002	8.201005e+002	8.201005e+002	8.201005e+002	8.201005e+002	8.201128e+002		6.724000e+001	1.561977e+002	1.561977e+002	1.561977e+002	1.561977e+002		
							2.811400e+002	8.355795e+002	8.200848e+002	8.200911e+002	8.200848e+002	8.200848e+002	8.200848e+002	8.200848e+002	8.200911e+002		6.714000e+001	1.633166e+002	1.633166e+002	1.633166e+002	1.633166e+002		
							2.810400e+002	8.067000e+002	8.200713e+002	8.200744e+002	8.200713e+002	8.200713e+002	8.200713e+002	8.200713e+002	8.200744e+002		6.704000e+001	1.557789e+002	1.557789e+002	1.557789e+002	1.557789e+002		
							2.809400e+002	8.734437e+002	8.200171e+002	8.200187e+002	8.200171e+002	8.200171e+002	8.200171e+002	8.200171e+002	8.200187e+002		6.694000e+001	1.373534e+002	1.373534e+002	1.373534e+002	1.373534e+002		
							2.808400e+002	8.355795e+002	8.200013e+002	8.200021e+002	8.200013e+002	8.200013e+002	8.200013e+002	8.200013e+002	8.200021e+002		6.684000e+001	1.448911e+002	1.448911e+002	1.448911e+002	1.448911e+002		
							2.807400e+002	8.471313e+002	8.199738e+002	8.199742e+002	8.199738e+002	8.199738e+002	8.199738e+002	8.199738e+002	8.199742e+002		6.674000e+001	1.566164e+002	1.566164e+002	1.566164e+002	1.566164e+002		
							2.806400e+002	8.304454e+002	8.199632e+002	8.199634e+002	8.199632e+002	8.199632e+002	8.199632e+002	8.199632e+002	8.199634e+002		6.664000e+001	1.612228e+002	1.612228e+002	1.612228e+002	1.612228e+002		
							2.805400e+002	7.823129e+002	7.823129e+002	7.823130e+002	7.823129e+002	7.823129e+002	7.823129e+002	7.823129e+002	7.823130e+002		6.654000e+001	1.561977e+002	1.561977e+002	1.561977e+002	1.561977e+002		
							2.804400e+002	8.362213e+002	8.362213e+002	8.362213e+002	8.362213e+002	8.362213e+002	8.362213e+002	8.362213e+002	8.362213e+002		6.644000e+001	1.599665e+002	1.599665e+002	1.599665e+002	1.599665e+002		
							2.803400e+002	8.240277e+002	8.240277e+002	8.240277e+002	8.240277e+002	8.240277e+002	8.240277e+002	8.240277e+002	8.240277e+002		6.634000e+001	1.411223e+002	1.411223e+002	1.411223e+002	1.411223e+002		
							2.802400e+002	8.034912e+002	8.034912e+002	8.034912e+002	8.034912e+002	8.034912e+002	8.034912e+002	8.034912e+002	8.034912e+002		6.624000e+001	1.520101e+002	1.520101e+002	1.520101e+002	1.520101e+002		
							2.801400e+002	8.034912e+002	8.034912e+002	8.034912e+002	8.034912e+002	8.034912e+002	8.034912e+002	8.034912e+002	8.034912e+002		6.614000e+001	1.427973e+002	1.427973e+002	1.427973e+002	1.427973e+002		
							2.800400e+002	8.182518e+002	8.182518e+002	8.182518e+002	8.182518e+002	8.182518e+002	8.182518e+002	8.182518e+002	8.182518e+002		6.604000e+001	1.654104e+002	1.654104e+002	1.654104e+002	1.654104e+002		
							2.799400e+002	8.041330e+002	8.041330e+002	8.041330e+002	8.041330e+002	8.041330e+002	8.041330e+002	8.041330e+002	8.041330e+002		6.594000e+001	1.578727e+002	1.578727e+002	1.578727e+002	1.578727e+002		
							2.798400e+002	8.394301e+002	8.394301e+002	8.394301e+002	8.394301e+002	8.394301e+002	8.394301e+002	8.394301e+002	8.394301e+002		6.584000e+001	1.624791e+002	1.624791e+002	1.624791e+002	1.624791e+002		
							2.797400e+002	8.092671e+002	8.092671e+002	8.092671e+002	8.092671e+002	8.092671e+002	8.092671e+002	8.092671e+002	8.092671e+002		6.574000e+001	1.490787e+002	1.490787e+002	1.490787e+002	1.490787e+002		
							2.796400e+002	8.227442e+002	8.227442e+002	8.227442e+002	8.227442e+002	8.227442e+002	8.227442e+002	8.227442e+002	8.227442e+002		6.564000e+001	1.545226e+002	1.545226e+002	1.545226e+002	1.545226e+002		
							2.795400e+002	8.464895e+002	8.464895e+002	8.464895e+002	8.464895e+002	8.464895e+002	8.464895e+002	8.464895e+002	8.464895e+002		6.554000e+001	1.440536e+002	1.440536e+002	1.440536e+002	1.440536e+002		
							2.794400e+002	8.144012e+002	8.144012e+002	8.144012e+002	8.144012e+002	8.144012e+002	8.144012e+002	8.144012e+002	8.144012e+002		6.544000e+001	1.566164e+002	1.566164e+002	1.566164e+002	1.566164e+002		
																	6.534000e+001	1.545226e+002	1.545226e+002	1.545226e+002	1.545226e+002		
																	6.524000e+001	1.503350e+002	1.503350e+002	1.503350e+002	1.503350e+002		
																	6.514000e+001	1.407035e+002	1.407035e+002	1.407035e+002	1.407035e+002		
																	6.504000e+001	1.549414e+002	1.549414e+002	1.549414e+002	1.549414e+002		
																	6.494000e+001	1.582915e+002	1.582915e+002	1.582915e+002	1.582915e+002		
																	6.484000e+001	1.482412e+002	1.482412e+002	1.482412e+002	1.482412e+002		
																	6.474000e+001	1.553601e+002	1.553601e+002	1.553601e+002	1.553601e+002		
																	6.464000e+001	1.520101e+002	1.520101e+002	1.520101e+002	1.520101e+002		
																	6.454000e+001	1.520101e+002	1.520101e+002	1.520101e+002	1.520101e+002		